GalaxyID,Class1.1,Class1.2,Class1.3
853675,0.893239,0.073643,0.033118
476769,0.257656,0.704277,0.038067
764398,0.304676,0.695324,0.0
970723,0.164104,0.830095,0.0058
932843,0.212201,0.787799,0.0
760317,0.440265,0.533324,0.026411
601569,0.484196,0.515804,0.0
197860,0.135976,0.864024,0.0
488331,0.395127,0.585367,0.019507
676553,0.920357,0.050014,0.029629
475597,0.493855,0.501058,0.005087
208093,0.279353,0.720647,0.0
223431,0.183164,0.810204,0.006633
359843,0.311323,0.686159,0.002518
639484,0.360676,0.637443,0.001881
291922,0.214604,0.756627,0.028769
742381,0.115348,0.883133,0.001518
226539,0.080774,0.898846,0.020379
656784,0.727324,0.217109,0.055567
335605,0.439441,0.560559,0.0
393496,0.772285,0.204746,0.022969
390403,0.713161,0.286839,0.0
460139,0.210172,0.763686,0.026142
829145,0.570973,0.429027,0.0
275200,0.141419,0.858581,0.0
361859,0.817811,0.123189,0.059001
578941,0.04476,0.95524,0.0
184491,0.011332,0.988668,0.0
271349,0.687964,0.245583,0.066454
368759,0.175345,0.823397,0.001258
931389,0.562179,0.435494,0.002327
264244,0.595928,0.278096,0.125976
326409,0.854377,0.124182,0.02144
604373,0.823944,0.134363,0.041693
421867,0.031981,0.951993,0.016025
332331,0.526046,0.473242,0.000711
990253,0.889,0.022,0.089
970247,0.749361,0.181969,0.068669
838997,0.066,0.934,0.0
369151,0.542174,0.405189,0.052637
478979,0.018976,0.981024,0.0
538539,0.833765,0.14208,0.024155
929045,0.669593,0.240781,0.089626
689640,0.776305,0.207876,0.015819
166062,0.01585,0.98415,0.0
731680,0.290067,0.696972,0.012961
822448,0.333709,0.644622,0.021669
129117,0.699345,0.28366,0.016995
519685,0.27151,0.72849,0.0
592052,0.722028,0.263362,0.014609
701298,0.8258,0.1742,0.0
856723,0.534705,0.465295,0.0
217502,0.050772,0.949228,0.0
137640,0.095825,0.901524,0.002651
391392,0.17443,0.802902,0.022667
838018,0.533282,0.454092,0.012626
520128,0.161,0.816,0.023
901350,0.896513,0.061899,0.041588
863062,0.285893,0.699249,0.014858
345878,0.694267,0.271978,0.033755
382182,0.779236,0.17197,0.048794
307701,0.498418,0.488725,0.012856
776969,0.035709,0.964291,0.0
939132,0.662877,0.280819,0.056304
808945,0.722382,0.245769,0.031849
640400,0.276306,0.723694,0.0
571694,0.665838,0.334162,0.0
999423,0.229128,0.763598,0.007274
566138,0.9,0.1,0.0
459247,0.441746,0.536707,0.021547
364046,0.310529,0.665163,0.024308
139077,0.84703,0.140803,0.012167
224713,0.410989,0.580332,0.008679
191932,0.367623,0.632377,0.0
262833,0.92,0.04,0.04
938264,0.031505,0.964105,0.00439
879329,1.0,0.0,0.0
158369,0.757837,0.217526,0.024636
807436,0.530741,0.413855,0.055404
285318,0.099705,0.900295,0.0
167102,0.334342,0.665658,0.0
879898,0.311671,0.677192,0.011136
624349,0.784474,0.193669,0.021857
150618,0.915516,0.0,0.084484
824278,0.699179,0.300821,0.0
481427,0.764202,0.224816,0.010982
143358,0.776304,0.112241,0.111455
406478,0.14864,0.841259,0.010101
598838,0.151399,0.839577,0.009023
292190,0.744328,0.174206,0.081466
829128,0.301597,0.582181,0.116222
690489,0.716726,0.231574,0.0517
508424,0.97892,0.0,0.02108
567957,0.422631,0.542448,0.03492
627599,0.587831,0.391021,0.021148
912267,0.019436,0.94979,0.030773
211641,0.862383,0.137617,0.0
709669,0.735017,0.225707,0.039275
620116,0.565627,0.413841,0.020533
632872,0.589856,0.386171,0.023973
105757,0.783775,0.201369,0.014856
606610,0.408022,0.591978,0.0
776742,0.670873,0.327028,0.002099
940044,0.110676,0.88163,0.007694
938804,0.468329,0.484658,0.047013
315810,0.346474,0.612195,0.041331
608694,0.352662,0.646022,0.001316
785302,0.010759,0.982845,0.006395
206330,0.812585,0.093707,0.093707
651672,0.556982,0.304309,0.138709
590279,0.076481,0.918502,0.005017
658465,0.388751,0.59181,0.019439
395552,0.657875,0.315329,0.026796
369065,0.021184,0.955718,0.023099
771315,0.9349,0.0651,0.0
531359,0.717141,0.248321,0.034538
275718,0.551506,0.432099,0.016395
563879,0.797055,0.201945,0.001
153059,0.13382,0.857198,0.008982
407650,0.143734,0.84844,0.007827
661372,0.361661,0.638339,0.0
650146,0.434121,0.544277,0.021602
853656,0.361215,0.577495,0.061291
742478,0.597211,0.402789,0.0
575237,0.306901,0.653325,0.039775
102182,0.921081,0.0,0.078919
760254,0.784939,0.197438,0.017623
262532,0.602022,0.38408,0.013897
384368,0.242279,0.757721,0.0
734283,0.555928,0.427629,0.016443
714398,0.73,0.189,0.081
291247,0.248,0.743,0.009
753136,0.568098,0.404984,0.026919
866775,0.491719,0.47047,0.037811
302962,0.509645,0.459117,0.031238
131211,0.952407,0.047593,0.0
925009,0.053567,0.941437,0.004996
303618,0.314,0.657,0.029
901581,0.029,0.971,0.0
248014,0.320399,0.663736,0.015865
262792,0.547606,0.418958,0.033436
631450,0.793989,0.187056,0.018955
584200,0.762,0.167,0.071
820732,0.707587,0.270571,0.021842
981901,0.140929,0.85862,0.000451
451135,0.11006,0.883148,0.006793
766739,0.0,1.0,0.0
810357,0.121461,0.878539,0.0
361501,0.771782,0.18615,0.042068
999873,0.531642,0.43127,0.037088
260360,0.664802,0.311191,0.024007
898745,0.022977,0.974026,0.002997
537469,0.84105,0.15175,0.0072
228294,0.958774,0.0,0.041226
575512,0.019442,0.976229,0.004329
428842,0.094376,0.887384,0.01824
740061,0.382908,0.559171,0.057921
706822,0.615115,0.304959,0.079926
654805,0.332234,0.666967,0.000799
359900,0.067925,0.932075,0.0
731633,0.180399,0.809174,0.010427
222985,0.61204,0.356858,0.031102
371307,0.047386,0.928188,0.024426
658476,0.638154,0.345904,0.015942
118506,0.687146,0.298578,0.014276
344689,0.411783,0.588217,0.0
934440,0.25476,0.715239,0.03
617192,0.409235,0.572775,0.01799
794479,0.531642,0.371645,0.096713
299627,0.413079,0.563624,0.023296
704341,0.501586,0.467715,0.030699
470693,0.014731,0.958568,0.0267
193264,0.342142,0.651247,0.006611
445386,0.1115,0.868309,0.02019
593499,0.32001,0.660134,0.019856
720432,0.47298,0.510706,0.016315
893234,0.623625,0.355132,0.021243
643307,0.382484,0.616812,0.000704
141844,0.395119,0.604409,0.000473
887935,0.327211,0.664845,0.007943
783220,0.803559,0.080761,0.11568
893653,0.694591,0.283608,0.021802
464408,0.526227,0.473773,0.0
587065,0.251756,0.748244,0.0
988440,0.719038,0.15373,0.127232
342980,0.29597,0.70403,0.0
954771,0.874486,0.049899,0.075615
143333,0.05453,0.94487,0.0006
886671,0.527535,0.453869,0.018595
268056,0.468888,0.486515,0.044597
120586,0.406622,0.550379,0.042998
858034,0.630834,0.345407,0.023759
114863,0.045414,0.947822,0.006764
936379,0.128348,0.865638,0.006014
143163,0.607566,0.368198,0.024236
950521,0.184411,0.815589,0.0
910560,0.265757,0.729949,0.004294
998062,0.433291,0.566709,0.0
666963,0.337098,0.649232,0.01367
254134,0.725229,0.228853,0.045918
795394,0.883646,0.0,0.116354
990027,0.119705,0.880295,0.0
900136,0.710313,0.276724,0.012963
117235,0.740976,0.237077,0.021947
846440,0.080953,0.906744,0.012303
337612,0.162681,0.827173,0.010146
448463,0.51857,0.464662,0.016768
359557,0.375248,0.613203,0.011549
337744,0.138365,0.830553,0.031082
926657,0.783827,0.157286,0.058887
951932,0.438249,0.561751,0.0
916297,0.31558,0.645504,0.038916
418555,0.238717,0.73548,0.025803
114957,0.025959,0.974041,0.0
616314,0.151887,0.815195,0.032918
591244,0.249502,0.743552,0.006946
149271,0.853021,0.109314,0.037665
983150,0.634562,0.30727,0.058168
528708,0.31,0.69,0.0
486725,0.0,0.958,0.042
434280,0.045,0.955,0.0
332353,0.150885,0.848438,0.000677
212232,0.423061,0.567138,0.009801
921609,0.880881,0.071071,0.048048
507526,0.657007,0.341506,0.001487
239424,0.049045,0.946488,0.004467
732305,0.0,0.989773,0.010227
759693,0.812854,0.159869,0.027278
962263,0.074003,0.925997,0.0
321545,0.831446,0.108551,0.060002
792552,0.368063,0.609597,0.022341
938767,0.611017,0.319539,0.069445
423261,0.721042,0.231683,0.047274
799383,0.785757,0.121333,0.092909
972556,0.025593,0.965622,0.008784
385299,0.163733,0.593772,0.242495
561184,0.027423,0.969277,0.0033
197762,0.462008,0.507523,0.030469
699761,0.898242,0.101758,0.0
999353,0.82951,0.17049,0.0
990137,0.848097,0.151903,0.0
363937,0.009218,0.92386,0.066922
135256,0.085676,0.914324,0.0
476688,0.172789,0.825127,0.002084
697684,0.893139,0.088462,0.018399
426065,0.20714,0.79286,0.0
843140,0.728585,0.204104,0.067311
163618,0.310974,0.66693,0.022096
112119,0.866045,0.085587,0.048367
616824,0.442299,0.525173,0.032528
700588,0.702991,0.292594,0.004416
934859,0.746721,0.253279,0.0
875972,0.104114,0.871179,0.024708
700116,0.460938,0.516143,0.022919
719442,0.133413,0.83594,0.030647
757605,0.826358,0.115764,0.057877
323391,0.743173,0.187499,0.069328
939592,0.754856,0.204223,0.040921
130826,0.15885,0.838182,0.002968
826926,0.009784,0.971911,0.018304
415232,0.103755,0.896245,0.0
216991,0.099068,0.887932,0.013
708301,0.282026,0.669552,0.048422
886810,0.085398,0.914602,0.0
304208,0.452161,0.424565,0.123273
720225,0.197838,0.761272,0.04089
236441,0.672819,0.263291,0.06389
156283,0.792489,0.144882,0.062629
212474,0.575621,0.424379,0.0
213122,0.225536,0.769039,0.005425
524393,0.030235,0.969765,0.0
370358,0.952046,0.0,0.047954
524226,0.377223,0.596192,0.026585
492416,0.196789,0.803211,0.0
528858,0.238079,0.694625,0.067296
713689,0.193165,0.806835,0.0
496581,0.429351,0.552926,0.017723
766915,0.629371,0.33966,0.030969
769020,0.867625,0.13104,0.001335
478277,0.713241,0.272235,0.014524
421413,0.767686,0.232314,0.0
445428,0.689622,0.288829,0.021548
884020,0.152421,0.847579,0.0
241229,0.532053,0.451723,0.016224
961628,0.90991,0.045045,0.045045
745463,0.872199,0.127801,0.0
808055,0.610199,0.389801,0.0
652377,0.77961,0.22039,0.0
623668,0.713933,0.286067,0.0
229757,0.247954,0.752046,0.0
824986,0.169471,0.744652,0.085876
839829,0.549272,0.416803,0.033925
870344,0.68266,0.236561,0.080779
520231,0.070282,0.929718,0.0
137827,0.281962,0.658289,0.059749
147218,0.820065,0.089669,0.090266
306716,0.348544,0.649823,0.001633
980469,0.170601,0.821235,0.008164
514252,1.0,0.0,0.0
352606,0.569828,0.409036,0.021136
144475,0.951595,0.0,0.048405
675907,0.096499,0.899201,0.004301
887764,0.138492,0.861508,0.0
806049,0.74975,0.246037,0.004213
320653,0.200281,0.799719,0.0
789084,0.146238,0.853762,0.0
617773,0.324184,0.631627,0.044189
374263,0.642937,0.357063,0.0
605950,0.047959,0.952041,0.0
649614,0.818981,0.157899,0.02312
964567,0.209184,0.790816,0.0
967705,0.204406,0.795154,0.00044
268802,0.941059,0.045954,0.012987
119280,0.536454,0.399301,0.064245
308089,0.499866,0.451896,0.048238
661683,0.244321,0.755679,0.0
188836,0.504612,0.488039,0.007348
431077,0.06264,0.93736,0.0
420073,0.169972,0.799654,0.030373
544746,0.156213,0.830129,0.013658
465319,0.274679,0.725321,0.0
529027,0.044251,0.955749,0.0
794914,0.024465,0.975535,0.0
923006,0.468609,0.484407,0.046984
128389,0.842407,0.098226,0.059367
748938,0.203832,0.785594,0.010574
157603,0.350815,0.633538,0.015647
661587,0.134725,0.855815,0.00946
666798,0.70686,0.222536,0.070604
956287,0.060627,0.938773,0.0006
115736,0.566568,0.418752,0.01468
742294,0.842482,0.157518,0.0
967592,0.910755,0.0,0.089245
832726,0.127619,0.872381,0.0
213286,0.807658,0.127734,0.064608
348247,0.044565,0.955435,0.0
957187,0.768885,0.189838,0.041276
576436,0.272,0.679,0.049
759937,0.446988,0.515918,0.037094
704686,0.632747,0.366046,0.001207
187864,0.651748,0.304841,0.043411
573407,0.060657,0.933396,0.005948
110217,0.143877,0.805818,0.050305
269641,0.58464,0.41536,0.0
428126,0.615202,0.363669,0.021129
606633,0.034926,0.964189,0.000885
634574,0.549076,0.419285,0.031638
943966,0.67323,0.308051,0.018719
368176,0.424986,0.561489,0.013525
830516,0.893293,0.087517,0.019191
891984,0.800035,0.1288,0.071165
485191,0.020814,0.972805,0.006381
215362,0.461766,0.538234,0.0
250479,0.573858,0.369936,0.056205
404769,0.351995,0.648005,0.0
247440,0.095807,0.860003,0.04419
201411,0.593305,0.379507,0.027188
427310,0.345681,0.654319,0.0
686972,0.366226,0.586955,0.046819
162756,0.273436,0.701767,0.024798
517059,0.253165,0.729533,0.017301
152487,0.207037,0.792963,0.0
878001,0.020783,0.969787,0.009431
411926,0.044732,0.953717,0.001551
593227,0.152849,0.764951,0.082199
116873,0.519258,0.480742,0.0
701256,0.199522,0.695134,0.105344
259312,0.202164,0.787278,0.010558
435950,0.520816,0.459874,0.01931
803777,0.340875,0.659125,0.0
484363,0.884,0.093,0.023
729737,0.564107,0.350171,0.085722
738758,0.705909,0.294091,0.0
819400,0.018791,0.976549,0.004661
878565,0.10654,0.866082,0.027378
861305,0.264677,0.735323,0.0
776358,0.247355,0.703093,0.049552
963174,0.581327,0.418673,0.0
312655,0.004091,0.995909,0.0
440500,0.250204,0.744002,0.005795
323236,0.543282,0.456718,0.0
434774,0.79021,0.13986,0.06993
103260,0.908351,0.091649,0.0
664988,0.244861,0.755139,0.0
756716,0.277596,0.714831,0.007573
860313,0.395568,0.580548,0.023883
380651,0.5974,0.384894,0.017706
289448,0.487611,0.410707,0.101682
213477,0.010276,0.983943,0.005781
215766,0.685232,0.25409,0.060679
123203,0.184468,0.804256,0.011276
542710,0.451137,0.537479,0.011385
691038,0.078372,0.921186,0.000442
162204,0.726226,0.24694,0.026834
345722,0.848172,0.0713,0.080528
371515,0.6889,0.273899,0.037201
791565,0.356643,0.642358,0.000999
705371,0.235549,0.740352,0.024099
276839,0.031199,0.960267,0.008534
356492,0.466476,0.533524,0.0
525326,0.443008,0.556992,0.0
814828,0.904693,0.086147,0.00916
354881,0.775196,0.161584,0.06322
481563,0.225791,0.774209,0.0
612752,0.547676,0.409361,0.042963
248562,0.512112,0.453155,0.034732
865592,0.408406,0.564963,0.02663
774716,0.160796,0.838607,0.000598
783099,0.208,0.771,0.021
545018,0.170136,0.829864,0.0
940196,0.44698,0.55302,0.0
732566,0.869633,0.084127,0.04624
860590,0.130866,0.839955,0.02918
488341,0.598875,0.333944,0.067181
962928,0.734316,0.247274,0.01841
798947,0.4566,0.465872,0.077528
691268,0.223582,0.775348,0.00107
175537,0.776643,0.109269,0.114089
205101,0.553606,0.406236,0.040158
520805,0.751153,0.160081,0.088767
588808,0.261028,0.727884,0.011088
987320,0.119389,0.863524,0.017087
380816,0.511096,0.451939,0.036965
435266,0.274843,0.693411,0.031747
976994,0.690701,0.22121,0.08809
360605,0.775034,0.178846,0.04612
410406,0.926291,0.025282,0.048427
903235,0.577483,0.315025,0.107492
233914,0.556419,0.390623,0.052958
449550,0.47069,0.52931,0.0
858683,0.716354,0.283646,0.0
628954,0.074356,0.91665,0.008993
524783,0.251867,0.747422,0.000711
728030,0.1894,0.80114,0.00946
404992,0.568628,0.431372,0.0
566656,0.626255,0.341455,0.03229
486559,0.501072,0.472638,0.02629
703946,0.593613,0.381371,0.025016
405980,0.290559,0.683591,0.025851
437378,0.483642,0.505067,0.011291
927133,0.229383,0.761682,0.008935
448142,0.127465,0.872535,0.0
699360,0.957,0.043,0.0
754991,0.926908,0.0,0.073092
374432,0.854863,0.074025,0.071112
130972,0.165197,0.820618,0.014186
904541,0.101926,0.887263,0.010811
172275,0.854616,0.092996,0.052387
909858,0.715759,0.224101,0.060141
535902,0.185749,0.814251,0.0
493629,0.279815,0.720185,0.0
288044,0.170738,0.829262,0.0
823745,0.355562,0.622931,0.021508
274189,0.205663,0.784845,0.009492
202609,0.033371,0.966629,0.0
552103,0.296259,0.69529,0.008451
233139,0.822485,0.155385,0.02213
102556,0.620074,0.379926,0.0
702655,0.697575,0.259552,0.042873
702295,0.286268,0.700011,0.013721
696447,0.0,0.9785,0.0215
751894,0.218448,0.757963,0.023589
523280,0.289803,0.710197,0.0
287615,0.022889,0.977111,0.0
781574,0.323942,0.63774,0.038318
798589,0.310919,0.689081,0.0
479051,0.781238,0.207419,0.011343
948847,0.356761,0.61576,0.027479
142367,0.561299,0.408548,0.030153
426605,0.208425,0.790562,0.001013
622727,0.771,0.183,0.046
548535,0.59594,0.337779,0.066281
624332,0.305182,0.66954,0.025278
990046,0.147656,0.852344,0.0
483757,0.089076,0.910924,0.0
401772,0.771692,0.153916,0.074391
577889,0.246315,0.753685,0.0
257170,0.377784,0.622216,0.0
110139,0.841,0.136,0.023
981641,0.281118,0.70031,0.018572
438663,0.778,0.173,0.049
163552,0.797283,0.145407,0.057309
609819,0.322553,0.668107,0.00934
694928,0.168873,0.830272,0.000855
721810,0.787648,0.211008,0.001344
464682,0.715137,0.240733,0.04413
993915,0.305702,0.676921,0.017377
214148,0.046619,0.912539,0.040842
861076,0.845523,0.154477,0.0
836580,0.773,0.125,0.102
276198,0.521063,0.442923,0.036014
545998,0.280689,0.711139,0.008171
943132,0.128159,0.864578,0.007263
398512,0.039914,0.9529,0.007185
877448,0.783044,0.170528,0.046428
529269,0.294379,0.705621,0.0
771971,0.157284,0.82896,0.013755
541765,0.114624,0.878725,0.006651
525800,0.878,0.098,0.024
987221,0.701798,0.261225,0.036977
865597,0.228658,0.770513,0.000829
529549,0.767685,0.182292,0.050022
170224,0.929217,0.035088,0.035695
174317,0.373127,0.612089,0.014784
300650,0.443207,0.556793,0.0
143726,0.239072,0.760928,0.0
619323,0.924958,0.060383,0.014659
105497,0.0,1.0,0.0
189282,0.464887,0.516893,0.01822
342406,0.103904,0.896096,0.0
975379,0.608817,0.391183,0.0
107012,0.0,0.995229,0.004771
884182,0.765029,0.17114,0.063831
936440,0.766,0.139,0.095
328924,0.0,1.0,0.0
700103,0.575368,0.423148,0.001485
942187,0.88049,0.11951,0.0
462003,0.073956,0.906307,0.019736
518654,0.739323,0.224294,0.036383
232655,0.701,0.247,0.052
597713,0.236938,0.762114,0.000948
661716,0.249849,0.750151,0.0
296705,0.734956,0.265044,0.0
572734,0.065102,0.925308,0.009589
937005,0.177027,0.716029,0.106944
393648,0.874523,0.110021,0.015455
718310,0.314743,0.681182,0.004075
892169,0.020899,0.979101,0.0
369886,0.043398,0.956602,0.0
459428,0.062836,0.936024,0.00114
683390,0.265454,0.734546,0.0
243106,0.704584,0.295416,0.0
672788,0.721909,0.248042,0.030049
767509,0.823,0.0,0.177
798280,0.796457,0.152754,0.050789
520917,0.74355,0.242277,0.014173
662778,0.22014,0.7565,0.02336
436473,0.383502,0.585384,0.031115
932597,0.151472,0.845592,0.002936
117853,0.780139,0.193777,0.026084
416402,0.878477,0.120664,0.000859
841658,0.94537,0.0,0.05463
683836,0.307974,0.679263,0.012763
464615,0.08468,0.91532,0.0
893353,0.077164,0.915963,0.006873
923537,0.804746,0.114667,0.080587
100774,0.490703,0.418373,0.090924
194208,0.629762,0.349177,0.021061
784982,0.040954,0.959046,0.0
575935,0.115517,0.884483,0.0
105221,0.262282,0.726554,0.011164
222531,0.263586,0.733656,0.002758
505171,0.359052,0.589748,0.0512
147081,0.8412,0.129791,0.029008
565538,0.277035,0.714027,0.008938
799018,0.145183,0.853689,0.001127
834842,0.75,0.194,0.056
164645,0.641103,0.286662,0.072235
992663,0.790424,0.133048,0.076527
394243,0.225436,0.774564,0.0
663671,0.076598,0.923402,0.0
449899,0.335865,0.651,0.013135
858601,0.575134,0.392956,0.03191
465952,0.548263,0.426608,0.025129
554431,0.581715,0.383567,0.034719
968845,0.103686,0.896314,0.0
647874,0.376169,0.598566,0.025265
306467,0.907888,0.0,0.092112
176036,0.612509,0.280886,0.106605
942534,0.0,0.997,0.003
457018,0.215802,0.761209,0.022989
367998,0.5922,0.38116,0.02664
428045,0.784524,0.195403,0.020073
205013,0.451254,0.51812,0.030626
173355,0.226862,0.773138,0.0
949930,0.588,0.314,0.098
549575,0.162496,0.837504,0.0
318583,0.937975,0.061008,0.001017
523557,0.653926,0.278725,0.067349
470710,0.45823,0.54177,0.0
996854,0.0,1.0,0.0
991818,0.188549,0.730399,0.081053
801856,0.107615,0.874974,0.017411
675521,0.73113,0.227581,0.041289
690170,0.570761,0.429239,0.0
362891,0.384254,0.615746,0.0
892655,0.589972,0.389069,0.020959
802088,0.103,0.897,0.0
436905,0.274679,0.725321,0.0
959270,0.011923,0.988077,0.0
172932,0.727488,0.225102,0.04741
566653,0.857058,0.142942,0.0
277053,0.299203,0.679976,0.020821
479084,0.812978,0.15734,0.029681
986672,0.129668,0.824658,0.045674
727766,0.143127,0.815781,0.041092
279699,0.178242,0.810279,0.011479
273496,0.417306,0.582694,0.0
573824,0.59587,0.312045,0.092086
625586,0.367796,0.566115,0.066089
564212,0.310973,0.689027,0.0
345663,0.3757,0.6243,0.0
101374,0.257273,0.728601,0.014125
102595,0.12269,0.870089,0.007221
579696,0.009763,0.987996,0.002241
922026,0.963953,0.0,0.036047
319171,0.556359,0.416649,0.026992
342624,0.314087,0.685913,0.0
934968,0.260551,0.730402,0.009046
235228,0.700904,0.215945,0.083151
746560,0.049593,0.946239,0.004168
284555,0.387905,0.59808,0.014015
238675,0.127229,0.872771,0.0
532946,0.129251,0.842325,0.028425
707672,0.152754,0.835055,0.012192
701557,0.785043,0.214957,0.0
377215,0.061,0.939,0.0
442162,0.345558,0.60251,0.051932
492967,0.774662,0.154617,0.070721
753702,0.952271,0.047729,0.0
964006,0.773593,0.114529,0.111878
637029,0.076044,0.923956,0.0
291470,0.469171,0.485225,0.045604
197044,0.141724,0.845212,0.013064
366729,0.505097,0.479533,0.01537
398149,0.612,0.306,0.082
671906,0.833994,0.153778,0.012227
971622,0.07566,0.92434,0.0
756157,0.580445,0.378874,0.040681
479166,0.085302,0.914698,0.0
261097,0.225014,0.718164,0.056822
574503,0.286964,0.670694,0.042343
803714,0.748233,0.22668,0.025087
145963,0.235881,0.731182,0.032937
937013,0.548344,0.436847,0.014809
976759,0.801802,0.137137,0.061061
521712,0.25457,0.712008,0.033421
942603,0.593293,0.375817,0.03089
538651,0.290038,0.678976,0.030986
754701,0.461593,0.523128,0.015279
223340,0.959258,0.0,0.040742
691202,0.604485,0.395515,0.0
762185,0.627913,0.349415,0.022673
238756,0.100131,0.899869,0.0
671397,0.872,0.085,0.043
107379,0.028279,0.971721,0.0
959645,0.746132,0.227597,0.026271
302434,0.067038,0.932962,0.0
719701,0.240715,0.502816,0.256469
604240,0.596516,0.296765,0.106719
521909,0.435663,0.545813,0.018524
263610,0.464229,0.52184,0.013931
440477,1.0,0.0,0.0
276601,0.676257,0.29682,0.026922
292638,0.106797,0.893203,0.0
719066,0.638156,0.351252,0.010592
716956,0.652294,0.330092,0.017614
228321,0.838907,0.101414,0.059679
932842,0.662397,0.229445,0.108158
464484,0.89289,0.069337,0.037773
553542,0.135967,0.858101,0.005932
576558,0.747123,0.252877,0.0
720469,0.678539,0.308906,0.012554
265914,0.172817,0.827183,0.0
964689,0.654924,0.17374,0.171335
373812,0.414429,0.567548,0.018023
218701,0.034648,0.964608,0.000744
830435,0.170024,0.829089,0.000886
672759,0.887419,0.093587,0.018993
980008,0.693085,0.306915,0.0
293116,0.840995,0.078893,0.080112
538578,0.167546,0.832454,0.0
492196,0.276689,0.689919,0.033392
807858,0.608894,0.352677,0.038429
876031,0.122768,0.87626,0.000972
539367,0.087729,0.895243,0.017027
716082,0.064235,0.929253,0.006512
738882,0.010205,0.986227,0.003567
768986,0.503829,0.469481,0.02669
597391,0.494921,0.503498,0.001581
102271,0.386429,0.605906,0.007665
403515,0.407461,0.548775,0.043763
870633,0.88407,0.046167,0.069763
696180,0.082592,0.917408,0.0
640767,0.766056,0.206919,0.027025
274239,0.753221,0.240413,0.006366
645283,0.653936,0.284863,0.061202
468207,0.233969,0.766031,0.0
684999,0.44883,0.533328,0.017842
191957,0.139346,0.860654,0.0
972290,0.46564,0.496874,0.037487
801116,0.418671,0.581329,0.0
137253,0.568869,0.371823,0.059308
595527,0.141524,0.848769,0.009707
259679,0.0,1.0,0.0
259731,0.088675,0.905784,0.005542
650333,0.629465,0.337616,0.032919
534138,0.674885,0.264591,0.060523
408694,0.18439,0.781019,0.034591
496799,0.383027,0.616973,0.0
970837,0.264762,0.728902,0.006336
665753,0.665562,0.269428,0.065009
871420,0.4443,0.514381,0.041319
280584,0.932897,0.0,0.067103
352861,0.212432,0.787568,0.0
984906,0.026,0.974,0.0
659875,0.096605,0.886279,0.017116
342811,0.454562,0.512147,0.033291
309184,0.704529,0.282295,0.013177
465562,0.189608,0.810392,0.0
770887,0.634707,0.363525,0.001768
157484,0.758636,0.241364,0.0
413533,0.568711,0.405039,0.02625
842794,0.004306,0.995694,0.0
869794,0.189702,0.810298,0.0
431891,0.098031,0.891292,0.010677
673994,0.725261,0.250915,0.023824
811593,0.710081,0.289919,0.0
925740,0.914792,0.0,0.085208
314669,0.818146,0.161724,0.02013
216630,0.76557,0.21171,0.02272
562018,0.671792,0.328208,0.0
165614,0.925515,0.074485,0.0
107576,0.72105,0.238324,0.040626
486453,0.27511,0.72489,0.0
741361,0.060177,0.939823,0.0
389657,0.204138,0.782888,0.012974
703518,0.124995,0.875005,0.0
233410,0.072874,0.915622,0.011503
448332,0.283846,0.695844,0.020311
288021,0.710929,0.23038,0.058691
558333,0.283328,0.716672,0.0
673354,0.100866,0.899134,0.0
231437,0.36122,0.622596,0.016184
170744,0.812202,0.127448,0.060349
663096,0.093017,0.906983,0.0
597716,0.841,0.091,0.068
723485,0.364674,0.609239,0.026086
482631,0.166014,0.823758,0.010228
157953,0.761441,0.214094,0.024465
787477,0.160445,0.829188,0.010366
817895,0.604425,0.384014,0.011561
537895,0.140279,0.859721,0.0
658315,0.837,0.023,0.14
303689,0.047859,0.952141,0.0
342801,0.658975,0.341025,0.0
214539,0.24928,0.749433,0.001286
837409,0.090793,0.869947,0.039259
311104,0.887348,0.040262,0.072391
603776,0.74132,0.170332,0.088349
585472,0.623938,0.373909,0.002153
148814,0.569681,0.430319,0.0
210703,0.323404,0.657981,0.018614
956335,0.311865,0.66636,0.021776
594136,0.450511,0.549489,0.0
407756,0.64925,0.328965,0.021786
342482,0.753701,0.242067,0.004232
356502,0.038514,0.961218,0.000268
125063,0.778307,0.200173,0.02152
770085,0.085245,0.902604,0.01215
148653,0.49868,0.499111,0.002209
870216,0.866158,0.102316,0.031526
258162,0.806807,0.022022,0.171171
970014,0.444478,0.536919,0.018603
557920,0.083588,0.913413,0.002999
553660,0.497341,0.502659,0.0
673050,0.267618,0.732093,0.000289
733283,0.584198,0.374977,0.040825
927843,0.110311,0.889689,0.0
941754,0.480233,0.456626,0.063141
499639,0.865917,0.134083,0.0
736093,0.422448,0.474052,0.1035
681114,0.570259,0.372653,0.057088
325497,0.159603,0.840397,0.0
371611,0.157527,0.821223,0.02125
598472,0.635048,0.332864,0.032088
849036,0.0,0.965,0.035
699912,0.462199,0.514831,0.022969
139315,0.004507,0.984136,0.011357
997586,0.632683,0.337451,0.029866
681517,0.8391,0.135749,0.025151
213949,0.004765,0.995235,0.0
214884,0.072099,0.927901,0.0
198840,0.921862,0.0,0.078138
858019,0.774892,0.12171,0.103398
477058,0.441948,0.558052,0.0
569768,0.269228,0.699719,0.031053
923215,0.629395,0.336553,0.034053
600936,0.765286,0.234714,0.0
821419,0.795768,0.190834,0.013398
781946,0.861357,0.080441,0.058202
915516,0.291053,0.6881,0.020847
211652,0.287682,0.694316,0.018002
655092,0.494661,0.503615,0.001724
177222,0.733381,0.232754,0.033866
621833,0.507151,0.455687,0.037162
801775,0.50597,0.49403,0.0
854839,0.225455,0.774171,0.000373
359996,0.775049,0.156286,0.068665
314057,0.658042,0.327717,0.014241
747206,0.605292,0.377538,0.01717
612262,0.052444,0.94637,0.001186
311553,0.227434,0.758454,0.014112
835670,0.480144,0.481586,0.03827
842361,0.847195,0.152805,0.0
865297,0.256,0.186,0.558
352896,0.427357,0.514915,0.057728
606265,0.174796,0.823833,0.001372
712527,0.0,1.0,0.0
594580,0.89,0.043,0.067
530113,0.121611,0.878059,0.00033
701563,0.6707,0.283759,0.045541
620938,0.9,0.075,0.025
740983,0.581193,0.417982,0.000825
930869,0.293472,0.706528,0.0
205159,0.565264,0.434736,0.0
993151,0.191906,0.808094,0.0
695124,0.016928,0.983072,0.0
773760,0.75,0.25,0.0
335988,0.502991,0.43404,0.062969
495258,0.740424,0.245704,0.013872
481088,0.074973,0.917521,0.007507
848521,0.728435,0.236209,0.035356
168436,0.426182,0.539634,0.034183
360454,0.369929,0.616061,0.01401
710876,0.969881,0.0,0.030119
820750,0.460695,0.494386,0.044919
261735,0.05488,0.93827,0.00685
248260,0.064709,0.935291,0.0
768754,0.837253,0.104577,0.05817
920597,0.870881,0.050503,0.078616
437196,0.451694,0.525712,0.022594
109074,0.71696,0.28304,0.0
187221,0.344061,0.655939,0.0
850279,0.3027,0.68386,0.01344
581464,0.416996,0.58216,0.000844
945695,0.139158,0.860842,0.0
960136,0.547931,0.39365,0.058419
815480,0.495293,0.461499,0.043208
512022,0.238402,0.752193,0.009405
442006,0.625719,0.343207,0.031074
153412,0.473304,0.526107,0.000589
917782,0.387387,0.045045,0.567568
201101,0.060269,0.938391,0.001341
269421,0.192223,0.795691,0.012086
188974,0.499336,0.470971,0.029693
632581,0.629331,0.370669,0.0
525700,0.63942,0.34088,0.019701
703753,0.439834,0.539727,0.020439
392621,0.759636,0.207621,0.032743
626132,0.874057,0.125244,0.000699
602743,0.619589,0.350865,0.029547
961659,0.604025,0.373812,0.022162
355866,0.119757,0.868361,0.011882
624445,0.050086,0.949718,0.000196
408608,0.303311,0.688552,0.008137
350878,0.534853,0.441458,0.023689
902220,0.930655,0.068226,0.001118
565756,0.240429,0.759571,0.0
471593,0.382321,0.604817,0.012862
946855,0.754536,0.228597,0.016867
366817,0.699,0.18,0.121
775945,0.718296,0.252335,0.029369
791604,0.221,0.176,0.603
296135,0.16331,0.83669,0.0
285298,0.397183,0.575455,0.027362
309972,0.174838,0.812301,0.012862
863081,0.46984,0.53016,0.0
171031,0.2287,0.7713,0.0
766911,0.735,0.023,0.242
280855,0.950523,0.024183,0.025294
128832,0.811037,0.188963,0.0
557213,0.301649,0.678771,0.01958
296018,0.047009,0.952105,0.000886
128385,0.311419,0.630494,0.058087
668886,0.552762,0.425025,0.022213
162731,0.461733,0.518308,0.019959
405820,0.399929,0.58211,0.017961
220920,0.875142,0.120198,0.00466
399290,0.150031,0.823592,0.026377
731896,0.038241,0.941891,0.019868
931221,0.18352,0.798121,0.018359
454794,0.484241,0.515759,0.0
323835,0.830442,0.150243,0.019315
860670,0.533,0.433,0.034
552767,0.269482,0.730518,0.0
858446,0.101672,0.898328,0.0
271177,0.780816,0.206269,0.012915
944406,0.205898,0.794102,0.0
709065,0.55356,0.420912,0.025528
795046,0.136206,0.854239,0.009556
414445,0.365107,0.623944,0.010949
200257,0.127012,0.849626,0.023362
869392,0.035075,0.934993,0.029931
218644,0.649973,0.324191,0.025836
397367,0.066576,0.933424,0.0
333732,0.224361,0.76283,0.012809
227322,0.410162,0.524022,0.065816
211322,0.655475,0.344525,0.0
970374,0.035926,0.96336,0.000715
905784,0.800644,0.151744,0.047612
596611,0.026,0.974,0.0
889556,0.471609,0.493444,0.034947
984624,0.701779,0.292939,0.005282
915767,0.292162,0.707838,0.0
137841,0.183872,0.80074,0.015388
566964,0.494327,0.43765,0.068023
601159,0.47272,0.52728,0.0
612672,0.149727,0.841019,0.009254
199728,0.493769,0.479065,0.027165
497682,0.606166,0.372967,0.020866
289527,0.730909,0.269091,0.0
656652,0.973758,0.0,0.026242
406662,0.382912,0.606069,0.011019
509616,0.140395,0.858768,0.000837
175690,0.570696,0.403998,0.025306
157861,0.922663,0.049474,0.027863
654521,0.850487,0.092609,0.056904
390795,0.447896,0.533372,0.018731
994096,0.690289,0.177149,0.132563
885542,0.116581,0.86014,0.023279
268807,0.172358,0.827642,0.0
444786,0.077805,0.922195,0.0
959366,0.46186,0.53814,0.0
928247,0.832097,0.125278,0.042626
601932,0.890563,0.059006,0.050431
849328,0.794304,0.205696,0.0
788163,0.02273,0.976184,0.001086
440117,0.053457,0.946543,0.0
868135,0.575594,0.405988,0.018418
424976,0.70414,0.240339,0.055521
106944,0.195461,0.804539,0.0
217826,1.0,0.0,0.0
976125,0.006625,0.993375,0.0
792213,0.192969,0.804861,0.00217
626261,0.414746,0.555848,0.029406
628867,0.659438,0.336279,0.004283
633479,0.00839,0.99161,0.0
527783,0.151223,0.848777,0.0
328678,0.168983,0.822119,0.008898
878159,0.061575,0.937244,0.001182
393519,0.207168,0.792832,0.0
434201,0.621489,0.378011,0.0005
216874,0.494857,0.452408,0.052735
659822,0.712466,0.241211,0.046323
716227,0.221359,0.753976,0.024664
794356,0.730493,0.236333,0.033174
325429,0.745781,0.230141,0.024077
984095,0.036421,0.963579,0.0
650370,0.088929,0.858129,0.052942
280295,0.149357,0.850643,0.0
839827,0.0,0.996604,0.003396
638854,0.012026,0.981863,0.006111
756564,0.346929,0.633556,0.019515
776344,0.54512,0.436788,0.018092
312604,0.890391,0.062404,0.047205
728727,0.50284,0.469496,0.027664
577349,0.271182,0.715564,0.013255
182355,0.67922,0.316809,0.00397
255337,1.0,0.0,0.0
308705,0.355758,0.644242,0.0
529211,0.831337,0.096021,0.072643
963342,0.363365,0.617199,0.019437
724076,0.688746,0.228718,0.082535
835169,0.411604,0.574542,0.013854
478412,0.260215,0.720839,0.018947
981591,0.957,0.041,0.002
395417,0.139833,0.860167,0.0
247334,0.248317,0.738235,0.013449
385315,0.099183,0.895324,0.005493
874639,0.193348,0.729337,0.077316
680201,0.67343,0.307909,0.01866
943772,0.1,0.88,0.02
744006,0.118984,0.881016,0.0
695648,0.373203,0.608177,0.01862
476462,0.436378,0.547232,0.016389
867869,0.361986,0.638014,0.0
473943,0.875,0.104,0.021
965119,0.441279,0.53763,0.021091
672831,0.219738,0.739704,0.040558
360889,0.298733,0.700289,0.000978
106124,0.586653,0.194909,0.218438
407564,0.168496,0.81213,0.019374
630509,0.530732,0.44533,0.023938
762315,0.479254,0.498004,0.022743
478385,0.18118,0.812851,0.005969
596665,0.755245,0.155844,0.088911
263942,0.365069,0.634931,0.0
329437,0.390976,0.593156,0.015868
638586,0.472764,0.455247,0.071989
619767,0.372231,0.594797,0.032973
891535,0.791,0.116,0.093
511707,0.453709,0.420793,0.125498
516518,0.75785,0.233316,0.008834
314012,0.733543,0.266457,0.0
312695,0.229015,0.74913,0.021855
653161,0.367275,0.615525,0.0172
842062,0.318921,0.662813,0.018266
343130,0.071366,0.877024,0.05161
469323,0.812663,0.092062,0.095275
815754,0.113094,0.856859,0.030047
443004,0.175859,0.783495,0.040645
322484,0.263501,0.725882,0.010617
407304,0.054854,0.945146,0.0
873416,0.029422,0.964334,0.006244
479794,0.54931,0.45069,0.0
315707,0.645554,0.331981,0.022465
269287,0.88832,0.11168,0.0
662939,0.58636,0.389543,0.024097
982157,0.54611,0.45389,0.0
673340,0.465659,0.488753,0.045588
408507,0.451218,0.538406,0.010377
223668,0.065322,0.931052,0.003626
936978,0.014165,0.985835,0.0
360986,0.032735,0.965621,0.001644
741076,0.267613,0.732387,0.0
483633,0.680182,0.29001,0.029808
541966,0.081362,0.911479,0.007158
505635,0.451747,0.548253,0.0
332465,0.137133,0.85596,0.006907
233714,0.564619,0.435381,0.0
104268,0.067546,0.932454,0.0
259990,0.779827,0.203207,0.016966
179919,0.012352,0.981955,0.005693
978808,0.036,0.964,0.0
915618,0.177008,0.821952,0.00104
593500,0.092579,0.897718,0.009702
679069,0.751624,0.193606,0.05477
614274,0.517871,0.482129,0.0
989943,0.525089,0.4317,0.04321
116946,0.26506,0.727768,0.007171
572257,0.129086,0.865354,0.005559
519392,0.935,0.0,0.065
654022,0.190271,0.809729,0.0
382199,0.00604,0.980013,0.013947
399466,0.520702,0.479298,0.0
647174,0.953779,0.046221,0.0
440170,0.202022,0.79501,0.002967
964091,0.88236,0.070226,0.047414
851770,0.691374,0.308626,0.0
801704,0.550354,0.422293,0.027353
952637,0.053308,0.94327,0.003422
443904,0.066133,0.910016,0.02385
112034,0.188871,0.81044,0.00069
617446,0.438754,0.554424,0.006821
877305,0.46718,0.475764,0.057057
791452,0.048225,0.951775,0.0
179122,0.338541,0.649498,0.011962
282684,0.154598,0.7754,0.070002
976793,0.758511,0.211151,0.030337
130768,0.755789,0.213337,0.030874
427357,0.360811,0.502604,0.136585
700910,0.778862,0.164911,0.056226
186772,0.092216,0.896705,0.011079
648320,0.019249,0.968127,0.012624
490620,0.758317,0.198716,0.042968
809953,0.314779,0.662878,0.022343
800365,0.084225,0.907566,0.008209
453215,0.27555,0.70469,0.01976
471548,0.614225,0.343946,0.041829
339070,0.664049,0.309223,0.026728
361231,0.170829,0.804196,0.024975
651916,0.13508,0.86492,0.0
588078,0.164754,0.835246,0.0
771845,0.536692,0.463308,0.0
341601,0.647354,0.277969,0.074678
925544,0.066707,0.933293,0.0
810198,0.870001,0.123588,0.006411
794630,0.623196,0.376804,0.0
495101,0.612421,0.33791,0.049669
811229,0.731475,0.246208,0.022317
242449,0.130465,0.869535,0.0
524673,0.504862,0.495138,0.0
376871,0.805441,0.194559,0.0
320196,0.110325,0.889675,0.0
213660,0.525367,0.421031,0.053602
845032,0.803557,0.170746,0.025697
555052,0.964022,0.0,0.035978
383364,0.844242,0.141764,0.013994
774967,0.765172,0.234828,0.0
245461,0.530212,0.422462,0.047326
678445,0.558065,0.441935,0.0
263861,0.809021,0.15203,0.038949
561335,0.878151,0.096308,0.025541
940539,0.888989,0.111011,0.0
655643,0.907604,0.061505,0.030892
903951,0.6786,0.289154,0.032245
788227,0.471997,0.528003,0.0
422160,0.962,0.0,0.038
304859,0.394939,0.579318,0.025743
248859,0.360215,0.610466,0.029319
816383,0.566913,0.317928,0.11516
233132,0.345204,0.604357,0.05044
152528,0.516781,0.454424,0.028794
877398,0.729904,0.270096,0.0
208508,0.511957,0.382987,0.105056
283954,0.0,1.0,0.0
729309,0.76138,0.23862,0.0
271381,0.527802,0.372401,0.099797
179137,0.654664,0.308287,0.037049
165086,0.429458,0.549018,0.021524
337110,0.395816,0.604184,0.0
877622,0.288811,0.711189,0.0
442296,0.172946,0.827054,0.0
912970,0.014932,0.984657,0.000412
490000,0.352629,0.647371,0.0
420201,0.867,0.089,0.044
793013,0.614,0.341,0.045
968520,0.525627,0.408061,0.066312
702910,0.932262,0.067738,0.0
873905,0.202641,0.770656,0.026703
818131,0.843181,0.156819,0.0
602622,0.940932,0.031011,0.028056
489243,0.816271,0.183729,0.0
953208,0.351371,0.635295,0.013334
476149,0.520764,0.454711,0.024525
404833,0.102112,0.896803,0.001085
931843,0.40144,0.585158,0.013402
284641,0.329399,0.608427,0.062174
188163,0.094909,0.903836,0.001255
520459,0.037149,0.962851,0.0
372202,0.340027,0.648042,0.011931
492335,0.334729,0.645821,0.01945
435073,0.194375,0.787682,0.017943
667928,0.063338,0.92834,0.008322
794243,0.938917,0.061083,0.0
613192,0.721909,0.268109,0.009982
136539,0.551526,0.41938,0.029094
829014,0.622835,0.374925,0.002239
535720,0.540573,0.443312,0.016115
200482,0.704756,0.264719,0.030525
885200,0.359878,0.640122,0.0
189098,0.311777,0.688223,0.0
527553,0.217655,0.768959,0.013386
745857,0.722903,0.185385,0.091713
705330,0.00893,0.99107,0.0
383124,0.345695,0.650983,0.003323
571299,0.481694,0.457649,0.060657
780966,0.0,0.999,0.001
781964,0.842407,0.068155,0.089438
337315,0.318379,0.660931,0.020691
179832,0.792183,0.186926,0.020891
124477,0.272186,0.717577,0.010237
950750,0.618623,0.348636,0.032741
117104,0.577271,0.366701,0.056028
176111,0.318714,0.666611,0.014675
762950,0.696845,0.303155,0.0
528736,0.148723,0.830268,0.021009
668757,0.94868,0.0,0.05132
856580,0.003888,0.996112,0.0
333742,0.717182,0.235521,0.047297
769603,0.272164,0.721473,0.006363
399686,0.950455,0.028287,0.021258
172329,0.168,0.832,0.0
259801,0.578,0.4,0.022
452939,0.201801,0.728993,0.069206
176687,0.47866,0.400513,0.120827
881510,0.868145,0.112641,0.019214
648321,0.048486,0.951514,0.0
101774,0.156509,0.836695,0.006796
476729,0.268751,0.718616,0.012633
425268,0.037445,0.962555,0.0
451672,0.394005,0.605995,0.0
399852,0.243773,0.746272,0.009955
921272,0.591721,0.350788,0.057491
172353,0.746171,0.157139,0.09669
220181,0.891522,0.0,0.108478
173221,0.72841,0.217023,0.054567
478982,0.729311,0.198646,0.072043
291806,0.509469,0.453371,0.03716
513780,0.651,0.279,0.07
137473,0.572376,0.427624,0.0
339507,0.417899,0.582101,0.0
859961,0.834636,0.134197,0.031167
217877,0.111884,0.888116,0.0
843178,0.473188,0.526812,0.0
178631,0.532066,0.453825,0.014109
675644,0.294228,0.705772,0.0
670773,0.227637,0.75143,0.020933
304799,0.969066,0.030934,0.0
358521,0.581475,0.383583,0.034942
899406,0.570053,0.404592,0.025355
434820,0.712794,0.274129,0.013077
579907,0.388279,0.566231,0.04549
912004,0.203212,0.778553,0.018234
935445,0.15274,0.834328,0.012932
411983,0.581598,0.415442,0.00296
508735,0.722111,0.220741,0.057147
824090,0.021753,0.978247,0.0
628832,0.51187,0.461205,0.026925
701655,0.086238,0.90917,0.004592
810607,0.134082,0.865918,0.0
848590,0.0,1.0,0.0
130649,0.202519,0.787791,0.00969
710906,0.670256,0.254167,0.075577
914084,0.173677,0.82442,0.001903
503998,0.060348,0.939652,0.0
272351,0.829936,0.128369,0.041696
160848,0.533014,0.466986,0.0
474972,0.111245,0.888755,0.0
130737,0.426546,0.469755,0.103699
528376,0.739851,0.254454,0.005696
650401,0.070324,0.919106,0.01057
316161,0.499083,0.475269,0.025648
327011,0.056891,0.943109,0.0
611320,0.127891,0.868446,0.003663
422221,0.686341,0.242828,0.070831
902506,0.679952,0.288153,0.031896
105092,0.675493,0.261575,0.062932
325091,0.80784,0.17474,0.01742
696574,0.135515,0.859215,0.00527
642372,0.756891,0.179622,0.063487
471749,0.847471,0.131824,0.020705
894772,0.085949,0.906991,0.00706
943342,0.758789,0.189702,0.05151
229927,0.180467,0.807418,0.012116
750359,0.805297,0.133796,0.060907
490221,0.875197,0.118397,0.006406
508110,0.208214,0.704988,0.086798
376258,0.063768,0.936232,0.0
239858,0.703787,0.252148,0.044064
873647,0.578744,0.408764,0.012492
409930,0.66218,0.33782,0.0
994333,0.128438,0.871562,0.0
753208,0.428703,0.383528,0.187769
783107,0.0,0.982321,0.017679
303685,0.026548,0.971294,0.002157
385899,0.529935,0.379124,0.09094
263013,0.937673,0.0,0.062327
203026,1.0,0.0,0.0
791154,0.462353,0.508425,0.029222
859004,0.543857,0.386392,0.069751
798265,0.155192,0.844808,0.0
207914,0.230244,0.755529,0.014227
200140,0.0,1.0,0.0
440205,0.86987,0.043043,0.087087
503798,0.658148,0.341852,0.0
560675,0.163889,0.828801,0.00731
813432,0.594407,0.330349,0.075244
528882,0.745505,0.214579,0.039916
726775,0.123011,0.876989,0.0
206068,0.413391,0.586609,0.0
459564,0.56337,0.359011,0.077619
666091,0.651196,0.262705,0.086099
121346,0.806296,0.17779,0.015914
432945,0.169178,0.820008,0.010815
474157,0.698001,0.276455,0.025544
914548,0.444161,0.518322,0.037517
259607,0.402176,0.546291,0.051533
600394,0.08523,0.913754,0.001016
453318,0.60207,0.396553,0.001377
540062,0.800784,0.15676,0.042456
678334,0.699708,0.180361,0.11993
176355,0.110755,0.889245,0.0
125746,0.781569,0.196152,0.022279
463926,0.905312,0.062909,0.031779
192058,0.537339,0.434998,0.027663
988057,0.376,0.622,0.002
831405,0.066791,0.933209,0.0
